KID,Mass,logg,Teff,Amplitude
1160684,0.5244,4.48,3952,3.35
1292688,0.5146,4.86,3927,7.48
1569682,0.5154,4.69,3929,4.99
1718059,0.526,4.49,3956,3.13
1718071,0.5225,4.54,3947,5.77
1867358,0.4681,4.72,3807,6.92
1996728,0.4478,4.52,3754,55.69
2142451,0.4214,4.49,3684,5.87
2166547,0.4932,4.47,3872,4.05
2284919,0.4222,4.59,3686,4.57
2435893,0.5339,4.71,3976,5.54
2437816,0.5418,4.47,3996,5.23
2446934,0.5009,4.69,3892,5.17
2449101,0.3937,4.32,3609,8.07
2555523,0.5178,4.62,3935,4.74
2695885,0.3686,4.13,3540,7.56
2721113,0.4181,4.64,3675,3.31
2834075,0.5304,4.53,3967,8.68
2834778,0.4669,4.62,3804,5.76
2837046,0.39,4.18,3599,4.14
2973361,0.4414,4.58,3737,11.33
2973386,0.517,4.5,3933,8.17
3099491,0.4125,4.59,3660,6.44
3119525,0.4912,4.68,3867,5.04
3232334,0.5166,4.54,3932,2.5
3329865,0.5276,4.45,3960,1.43
3329985,0.4203,4.48,3681,6.06
3330684,0.0,-inf,0,5.1
3346467,0.5371,4.57,3984,3.87
3353108,0.5355,4.31,3980,5.35
3432286,0.5006,4.56,3891,3.49
3439791,0.5045,4.5,3901,2.46
3457861,0.528,4.56,3961,3.68
3527038,0.4815,4.66,3842,4.23
3527088,0.5037,4.78,3899,18.21
3534089,0.4271,4.42,3699,15.62
3540472,0.4738,4.59,3822,3.16
3545104,0.4293,4.57,3705,3.97
3545291,0.492,4.66,3869,4.93
3547906,0.5158,4.5,3930,3.4
3556242,0.4758,4.39,3827,4.43
3561148,0.3568,4.05,3507,3.28
3631844,0.5414,4.58,3995,6.05
3658619,0.3827,4.28,3579,7.19
3658781,0.4346,4.61,3719,4.14
3660458,0.3824,4.4,3578,4.67
3727538,0.5135,4.57,3924,6.15
3731429,0.4959,4.55,3879,7.84
3731432,0.4819,4.48,3843,13.46
3757788,0.4808,4.76,3840,5.78
3934593,0.4731,4.66,3820,4.85
3954217,0.4353,4.66,3721,4.55
3955963,0.4904,4.65,3865,8.42
3956389,0.5166,4.76,3932,13.65
3974804,0.4069,4.6,3645,5.14
4037164,0.5041,4.56,3900,8.97
4061149,0.4854,4.72,3852,5.15
4078900,0.5221,4.84,3946,3.81
4137187,0.5264,4.73,3957,2.27
4140528,0.4155,4.5,3668,5.33
4155840,0.3882,4.51,3594,6.69
4164424,0.4835,4.67,3847,4.93
4172805,0.4777,4.61,3832,3.67
4173466,0.4214,4.43,3684,6.92
4175517,0.3937,4.41,3609,5.5
4243354,0.5091,4.24,3913,3.52
4249500,0.3708,4.2,3546,9.64
4277623,0.3955,4.25,3614,11.03
4346765,0.4088,4.64,3650,5.14
4346809,0.3615,4.09,3520,4.83
4367318,0.4619,4.54,3791,4.05
4377055,0.5307,4.63,3968,1.87
4465957,0.4184,4.43,3676,2.54
4543236,0.404,4.59,3637,3.93
4544783,0.4143,4.55,3665,4.2
4575141,0.5233,4.58,3949,2.33
4680642,0.4177,4.54,3674,8.39
4680677,0.5064,4.62,3906,5.07
4737129,0.4707,4.59,3814,4.19
4752465,0.3784,4.46,3567,2.44
4755441,0.4199,4.56,3680,7.76
4756732,0.4742,4.68,3823,5.24
4768944,0.4248,4.44,3693,4.66
4773250,0.4263,4.42,3697,5.65
4813925,0.4796,4.42,3837,5.07
4832572,0.3672,4.11,3536,5.36
4840079,0.3755,4.3,3559,4.45
4861287,0.4784,4.49,3834,4.43
4863874,0.4166,4.55,3671,5.97
4909186,0.3633,4.1,3525,11.36
4931188,0.4854,4.67,3852,2.11
4932675,0.3805,4.2,3573,3.18
4939621,0.5189,4.53,3938,2.54
4949012,0.5418,4.48,3996,3.75
4953282,0.4166,4.52,3671,4.72
4992056,0.3842,4.27,3583,6.88
4997179,0.3593,4.05,3514,3.65
5000970,0.4029,4.59,3634,4.72
5002836,0.0,-inf,0,1.16
5009036,0.4781,4.55,3833,3.43
5035870,0.528,4.43,3961,4.31
5079348,0.3615,4.11,3520,4.04
5093980,0.4947,4.5,3876,3.04
5110817,0.475,4.68,3825,4.0
5125261,0.4627,4.61,3793,3.03
5125745,0.3882,4.54,3594,5.28
5126248,0.3813,4.2,3575,5.13
5168614,0.4788,4.53,3835,4.5
5180528,0.3834,4.64,3581,2.01
5185509,0.438,4.49,3728,3.27
5252367,0.354,4.01,3499,7.65
5253844,0.3878,4.36,3593,6.28
5255954,0.543,4.57,3999,2.3
5256645,0.5307,4.57,3968,3.19
5262820,0.5284,4.54,3962,2.24
5263823,0.4881,4.51,3859,6.45
5268696,0.4147,4.47,3666,3.36
5273487,0.4986,4.39,3886,2.93
5287939,0.369,4.46,3541,21.62
5297821,0.4858,4.43,3853,6.19
5298911,0.4158,4.55,3669,5.19
5340107,0.4792,4.53,3836,3.11
5341573,0.4885,4.39,3860,3.32
5344350,0.4361,4.62,3723,4.22
5350780,0.4036,4.38,3636,6.32
5384707,0.5339,4.46,3976,6.25
5439836,0.4346,4.47,3719,6.7
5446961,0.4781,4.43,3833,12.08
5461759,0.5335,4.55,3975,5.82
5480340,0.5084,4.62,3911,21.08
5513833,0.3608,4.06,3518,4.69
5514976,0.3878,4.23,3593,3.68
5522034,0.3831,4.34,3580,5.06
5534656,0.543,4.43,3999,7.77
5537064,0.5119,4.57,3920,4.41
5547013,0.4444,4.57,3745,4.18
5600992,0.4947,4.61,3876,3.74
5610323,0.485,4.5,3851,4.22
5612776,0.4661,4.69,3802,3.5
5616494,0.4932,4.58,3872,4.54
5645052,0.3654,4.21,3531,7.61
5684887,0.5072,4.38,3908,12.59
5693298,0.5331,4.62,3974,3.54
5695904,0.4365,4.41,3724,2.38
5696918,0.5197,4.44,3940,3.28
5697553,0.5131,4.64,3923,5.71
5717253,0.4939,4.5,3874,3.31
5734009,0.528,4.48,3961,1.75
5738209,0.5256,4.44,3955,4.81
5774607,0.4218,4.3,3685,7.43
5783802,0.4327,4.43,3714,3.36
5785806,0.5138,4.61,3925,20.84
5809954,0.4723,4.5,3818,3.22
5879661,0.4819,4.58,3843,4.34
5897952,0.5209,4.73,3943,1.33
5940100,0.4032,4.24,3635,6.44
5952378,0.5304,4.59,3967,3.47
5953138,0.411,4.38,3656,3.89
5987757,0.492,4.61,3869,3.66
6019999,0.4301,4.49,3707,7.7
6026814,0.411,4.64,3656,4.52
6047929,0.4395,4.66,3732,4.02
6048655,0.4765,4.51,3829,2.52
6103862,0.5088,4.61,3912,4.8
6104110,0.4084,4.55,3649,2.32
6105994,0.4357,4.5,3722,6.15
6107421,0.4734,4.63,3821,7.5
6117602,0.0,-inf,0,26.54
6123830,0.5375,4.55,3985,2.45
6124132,0.3726,4.54,3551,6.31
6124963,0.5064,4.57,3906,5.16
6125059,0.5072,4.61,3908,2.55
6141125,0.5414,4.86,3995,4.88
6147617,0.4777,4.73,3832,3.02
6149553,0.4143,4.47,3665,4.25
6181143,0.359,4.04,3513,3.73
6181204,0.3593,4.16,3514,3.77
6181761,0.3977,4.33,3620,4.93
6187322,0.541,4.63,3994,8.35
6196918,0.397,4.62,3618,6.57
6200401,0.4147,4.51,3666,5.67
6205405,0.4897,4.89,3863,1.48
6211203,0.4796,4.64,3837,3.66
6268982,0.5138,4.67,3925,3.25
6271120,0.5229,4.53,3948,2.23
6277656,0.4819,4.46,3843,2.75
6279639,0.5056,4.5,3904,2.65
6301976,0.4951,4.55,3877,4.08
6306891,0.4406,4.4,3735,9.23
6310092,0.4387,4.54,3730,5.21
6345207,0.5288,4.56,3963,4.4
6352901,0.4054,4.33,3641,4.28
6366377,0.3827,4.47,3579,3.18
6389733,0.4121,4.24,3659,4.56
6421689,0.4707,4.63,3814,4.83
6429680,0.4939,4.63,3874,3.73
6442045,0.4181,4.49,3675,4.3
6447455,0.4007,4.62,3628,4.8
6451717,0.4986,4.46,3886,2.75
6467339,0.5154,4.46,3929,3.88
6470362,0.3633,4.15,3525,7.18
6471285,0.2542,0.07,3201,6.48
6501347,0.5343,4.42,3977,1.33
6504035,0.5131,4.5,3923,3.69
6507276,0.4054,4.3,3641,3.56
6521399,0.4881,4.78,3859,4.5
6529445,0.5072,4.42,3908,2.99
6529799,0.2538,4.63,3200,0.75
6547418,0.5233,4.56,3949,3.54
6585895,0.4893,4.34,3862,2.7
6590263,0.4406,4.6,3735,4.54
6664748,0.4158,4.51,3669,3.1
6669028,0.5272,4.52,3959,3.19
6670624,0.5276,4.67,3960,4.33
6671727,0.4688,4.76,3809,4.59
6691349,0.4784,4.55,3834,3.52
6693042,0.3579,4.05,3510,4.88
6696674,0.4746,4.56,3824,3.0
6699367,0.4173,4.55,3673,2.68
6750866,0.5315,4.59,3970,4.24
6751156,0.4199,4.24,3680,8.8
6751411,0.5072,4.49,3908,1.92
6751520,0.528,4.61,3961,4.44
6751891,0.4289,4.41,3704,5.18
6752578,0.417,4.27,3672,22.52
6758989,0.5052,4.57,3903,3.09
6768217,0.4387,4.53,3730,3.95
6782009,0.5213,4.69,3944,3.48
6803306,0.4376,4.38,3727,3.9
6836884,0.5002,4.37,3890,2.8
6838113,0.5347,4.55,3978,3.67
6862296,0.5037,4.39,3899,6.51
6922010,0.4715,4.64,3816,9.68
6928206,0.4777,4.33,3832,4.38
6937828,0.5284,4.52,3962,2.78
6938077,0.5048,4.41,3902,3.83
6947858,0.4301,4.46,3707,5.04
7007761,0.543,4.5,3999,2.15
7009163,0.5225,4.62,3947,4.63
7014297,0.5135,4.47,3924,3.53
7019844,0.5119,4.55,3920,7.55
7021681,0.539,4.48,3989,5.77
7026202,0.3776,4.17,3565,3.38
7032946,0.543,4.46,3999,5.88
7033670,0.0,-inf,0,4.99
7092051,0.4897,4.54,3863,4.07
7116767,0.4812,4.39,3841,39.63
7117688,0.5363,4.51,3982,3.35
7205520,0.4136,4.6,3663,6.21
7215965,0.4742,4.59,3823,3.4
7254671,0.4727,4.48,3819,9.7
7254750,0.5146,4.5,3927,4.47
7259477,0.4758,4.6,3827,3.62
7269798,0.4211,4.63,3683,4.14
7270844,0.5103,4.72,3916,3.26
7272373,0.4391,4.69,3731,2.85
7272575,0.5186,4.48,3937,3.21
7282613,0.4723,4.7,3818,7.6
7287850,0.5252,4.43,3954,3.14
7300506,0.4263,4.54,3697,2.47
7336414,0.5115,4.39,3919,5.64
7337334,0.4387,4.64,3730,4.62
7337588,0.4092,4.36,3651,4.33
7345195,0.5138,4.67,3925,3.81
7349014,0.5154,4.53,3929,5.02
7352892,0.3693,4.14,3542,8.91
7367064,0.5088,4.6,3912,4.23
7377223,0.4158,4.49,3669,1.63
7377872,0.3708,4.26,3546,10.15
7385913,0.4058,4.64,3642,18.5
7422680,0.5021,4.57,3895,0.76
7426706,0.5434,4.52,4000,10.18
7430997,0.4248,4.37,3693,4.68
7438997,0.4877,4.63,3858,3.84
7460575,0.541,4.46,3994,3.59
7512128,0.5111,4.58,3918,3.72
7523710,0.4207,4.32,3682,2.21
7548531,0.4754,4.65,3826,3.55
7549171,0.5304,4.58,3967,4.08
7582511,0.5033,4.52,3898,2.59
7583798,0.411,4.39,3656,3.7
7609819,0.3665,4.22,3534,4.52
7630772,0.3654,4.15,3531,4.45
7659417,0.4361,4.47,3723,4.19
7664406,0.4353,4.45,3721,4.06
7678417,0.36,4.01,3516,7.6
7680819,0.5076,4.48,3909,6.73
7708454,0.4338,4.47,3717,8.37
7731334,0.4827,4.6,3845,5.17
7734775,0.3676,4.12,3537,8.48
7811438,0.4286,4.64,3703,4.39
7820535,0.0,-inf,0,3.37
7830019,0.5064,4.55,3906,10.28
7830098,0.5111,4.49,3918,2.01
7836762,0.543,4.47,3999,1.24
7868967,0.5375,4.66,3985,3.71
7872997,0.5111,4.68,3918,4.5
7880206,0.5229,4.55,3948,5.53
7881278,0.4877,4.34,3858,7.06
7891030,0.5052,4.42,3903,5.47
7907712,0.5029,4.55,3897,3.9
7916294,0.5091,4.41,3913,4.48
7937153,0.4769,4.72,3830,6.85
7976273,0.4711,4.46,3815,1.96
7976805,0.4199,4.51,3680,8.41
7988823,0.4402,4.57,3734,7.25
8004876,0.3704,4.19,3545,3.23
8005405,0.4129,4.36,3661,13.08
8013221,0.4062,4.6,3643,0.85
8018340,0.5244,4.45,3952,3.75
8022889,0.4804,4.39,3839,2.97
8025611,0.414,4.38,3664,6.11
8052511,0.4531,4.52,3768,5.98
8074803,0.4417,4.34,3738,6.49
8078638,0.5025,4.5,3896,3.1
8085076,0.506,4.75,3905,3.2
8086878,0.4788,4.51,3835,5.72
8112537,0.3583,4.02,3511,8.06
8114225,0.4692,4.31,3810,6.96
8167223,0.4158,4.55,3669,4.58
8172915,0.5296,4.43,3965,5.03
8180253,0.5363,4.48,3982,4.31
8191015,0.5315,4.81,3970,4.31
8191181,0.4858,4.65,3853,4.13
8191404,0.4192,4.53,3678,6.22
8217154,0.5048,4.48,3902,2.22
8230829,0.5162,4.59,3931,4.41
8233795,0.4804,4.56,3839,3.92
8233951,0.3704,4.17,3545,4.66
8241781,0.4162,4.36,3670,6.63
8256511,0.4971,4.68,3882,4.31
8258140,0.515,4.54,3928,3.8
8278444,0.4781,4.49,3833,5.33
8279274,0.4421,4.61,3739,5.61
8288674,0.5244,4.46,3952,4.68
8292445,0.4904,4.79,3865,4.88
8295380,0.5307,4.48,3968,3.73
8297629,0.4207,4.4,3682,1.89
8350261,0.5323,4.87,3972,2.97
8351704,0.4916,4.7,3868,3.15
8362005,0.4286,4.35,3703,2.25
8377909,0.3849,4.4,3585,3.11
8378913,0.528,4.35,3961,2.95
8387903,0.4158,4.53,3669,5.78
8397325,0.4387,4.43,3730,4.66
8416796,0.5394,4.58,3990,2.71
8417053,0.4608,4.64,3788,6.81
8424687,0.5084,4.67,3911,5.21
8426468,0.5233,4.64,3949,4.21
8428104,0.5335,4.43,3975,3.13
8435582,0.5205,4.66,3942,4.18
8455095,0.5398,4.62,3991,3.16
8458445,0.5127,4.55,3922,3.62
8460811,0.5367,4.46,3983,4.43
8476114,0.4376,4.54,3727,5.44
8489251,0.5256,4.59,3955,3.5
8500111,0.4893,4.54,3862,5.11
8506486,0.4188,4.37,3677,4.11
8507576,0.4804,4.56,3839,3.24
8526781,0.5347,4.42,3978,2.69
8548410,0.4889,4.63,3861,2.67
8560092,0.364,4.08,3527,6.47
8561100,0.4885,4.38,3860,1.94
8564323,0.475,4.38,3825,1.17
8584844,0.4218,4.54,3685,4.24
8607535,0.3751,4.11,3558,1.45
8619216,0.5088,4.47,3912,3.31
8621656,0.4099,4.69,3653,5.89
8631751,0.4077,4.59,3647,7.17
8655334,0.3636,4.12,3526,5.13
8655619,0.4312,4.48,3710,4.51
8656421,0.4143,4.5,3665,8.66
8674230,0.4971,4.47,3882,3.44
8683640,0.4738,4.68,3822,2.65
8685007,0.3558,4.43,3504,8.36
8708957,0.4781,4.67,3833,5.26
8712608,0.3955,4.32,3614,5.05
8719129,0.397,4.52,3618,6.49
8733659,0.5323,4.64,3972,2.97
8733834,0.4974,4.64,3883,3.73
8735884,0.3795,4.13,3570,8.23
8740221,0.4293,4.59,3705,7.74
8748150,0.5115,4.67,3919,4.67
8754034,0.5119,4.59,3920,4.9
8766172,0.4248,4.28,3693,5.02
8771391,0.4184,4.33,3676,4.9
8774246,0.3878,4.21,3593,3.54
8803071,0.4331,4.63,3715,2.46
8811972,0.4765,4.69,3829,3.93
8815598,0.3604,4.05,3517,2.46
8827428,0.487,4.61,3856,5.09
8845466,0.5406,4.42,3993,4.65
8872565,0.0,-inf,0,2.19
8906418,0.4854,4.53,3852,4.16
8909876,0.4577,4.52,3780,3.97
8960906,0.4734,4.54,3821,2.64
8973226,0.5343,4.42,3977,32.16
9008142,0.4455,4.73,3748,3.51
9009213,0.4032,4.3,3635,2.79
9026015,0.4043,4.62,3638,5.94
9028977,0.36,4.07,3516,9.06
9030712,0.4471,4.64,3752,3.15
9050725,0.4681,4.49,3807,2.29
9074629,0.5418,4.51,3996,4.01
9076928,0.4417,4.58,3738,11.38
9084486,0.4978,4.55,3884,7.04
9111372,0.4308,4.46,3709,13.75
9112607,0.5355,4.47,3980,2.21
9118939,0.4893,4.52,3862,5.45
9141571,0.3672,4.15,3536,5.87
9142931,0.515,4.76,3928,5.14
9150879,0.5272,4.36,3959,2.42
9156957,0.5138,4.55,3925,5.5
9176383,0.4742,4.59,3823,5.56
9178867,0.4018,4.4,3631,1.96
9202076,0.5186,4.54,3937,2.54
9203794,0.3636,4.09,3526,14.12
9204748,0.5292,4.44,3964,5.21
9222296,0.359,4.05,3513,13.54
9242473,0.5307,4.31,3968,2.28
9267857,0.5347,4.63,3978,3.27
9270182,0.3711,4.1,3547,2.93
9284403,0.3773,4.33,3564,5.25
9301392,0.5351,4.37,3979,5.25
9306035,0.5064,4.51,3906,5.38
9327921,0.5339,4.5,3976,2.36
9329586,0.4804,4.55,3839,5.34
9330545,0.4361,4.6,3723,32.72
9335072,0.4592,4.63,3784,5.27
9347204,0.4463,4.36,3750,7.23
9365185,0.4897,4.5,3863,3.98
9369727,0.5359,4.62,3981,4.88
9388780,0.4808,4.77,3840,3.12
9389594,0.444,4.6,3744,5.77
9395840,0.4062,4.24,3643,3.27
9428095,0.4214,4.32,3684,10.43
9429343,0.5084,4.56,3911,7.47
9446564,0.4619,4.5,3791,5.78
9450368,0.4897,4.46,3863,6.23
9450804,0.4924,4.42,3870,6.85
9452233,0.4192,4.27,3678,4.63
9462919,0.4256,4.53,3695,2.58
9463060,0.457,4.75,3778,4.13
9467900,0.5186,4.55,3937,4.51
9475513,0.5189,4.55,3938,2.03
9512360,0.5029,4.6,3897,2.97
9514298,0.5256,4.42,3955,5.68
9518295,0.4188,4.59,3677,2.54
9578520,0.4271,4.35,3699,1.94
9579672,0.4486,4.64,3756,2.04
9580721,0.4669,4.5,3804,7.12
9582157,0.5158,4.49,3930,8.23
9582827,0.3791,4.2,3569,2.96
9589235,0.4095,4.43,3652,3.59
9595239,0.5284,4.57,3962,2.54
9597704,0.4199,4.36,3680,4.32
9601825,0.5217,4.56,3945,2.34
9605729,0.5351,4.52,3979,4.73
9606758,0.5048,4.87,3902,3.0
9636614,0.5099,4.42,3915,3.44
9644914,0.3784,4.24,3567,8.19
9652284,0.5072,4.46,3908,1.61
9652694,0.5244,4.68,3952,3.3
9653430,0.4248,4.3,3693,3.56
9654411,0.5304,4.38,3967,2.19
9661885,0.5272,4.33,3959,2.78
9666798,0.5292,4.53,3964,1.91
9691776,0.4684,4.82,3808,5.49
9693806,0.3073,4.62,3364,2.12
9697184,0.4912,4.35,3867,6.62
9712457,0.4267,4.46,3698,5.8
9713191,0.5021,4.66,3895,9.61
9715236,0.3834,4.34,3581,5.95
9727761,0.515,4.45,3928,4.15
9753017,0.3715,4.12,3548,11.89
9758864,0.3984,4.5,3622,4.56
9760292,0.4589,4.63,3783,2.81
9763786,0.4106,4.32,3655,8.7
9764341,0.5414,4.6,3995,3.49
9772531,0.4928,4.55,3871,3.9
9776935,0.4103,4.59,3654,5.5
9788227,0.4761,4.73,3828,4.66
9791400,0.3911,4.32,3602,3.28
9818472,0.4346,4.6,3719,5.97
9825492,0.4971,4.63,3882,3.53
9826728,0.364,4.06,3527,3.26
9833329,0.4731,4.72,3820,4.62
9834661,0.4777,4.55,3832,3.79
9838213,0.515,4.58,3928,6.51
9899765,0.4327,4.57,3714,8.36
9899900,0.4103,4.63,3654,7.92
9907450,0.4327,4.51,3714,4.01
9946427,0.5111,4.69,3918,3.04
9946811,0.4808,4.58,3840,4.77
9964637,0.5378,4.6,3986,4.01
9992786,0.3668,4.12,3535,6.61
9994100,0.5209,4.57,3943,2.16
10002261,0.0,-inf,0,4.92
10004407,0.3755,4.19,3559,3.22
10018202,0.5355,4.51,3980,4.27
10018866,0.5197,4.56,3940,5.09
10063343,0.5339,4.43,3976,158.19
10063466,0.4047,4.26,3639,3.18
10082058,0.5056,4.37,3904,5.8
10082611,0.5084,4.54,3911,2.45
10095901,0.5076,4.49,3909,3.23
10118339,0.4158,4.52,3669,4.83
10120920,0.4334,4.78,3716,3.06
10121004,0.475,4.56,3825,11.17
10124585,0.3937,4.67,3609,1.9
10145950,0.4365,4.59,3724,8.82
10158029,0.4256,4.38,3695,4.96
10185748,0.4323,4.6,3713,5.27
10186824,0.3668,4.08,3535,3.68
10187248,0.4623,4.62,3792,7.22
10190314,0.5331,4.51,3974,2.86
10195818,0.4376,4.68,3727,2.59
10200187,0.4207,4.59,3682,3.88
10206793,0.4084,4.35,3649,5.1
10220322,0.5256,4.45,3955,2.83
10252023,0.5107,4.47,3917,6.01
10258126,0.3565,4.02,3506,13.83
10258179,0.0,-inf,0,6.21
10258346,0.4459,4.58,3749,2.82
10263037,0.4982,4.59,3885,6.63
10266895,0.4316,4.7,3711,3.4
10274090,0.36,4.08,3516,3.03
10296031,0.4084,4.29,3649,7.36
10296831,0.3776,4.25,3565,5.24
10317996,0.492,4.66,3869,3.88
10321766,0.4121,4.15,3659,5.02
10322878,0.4331,4.56,3715,6.65
10331532,0.517,4.54,3933,5.03
10332839,0.4742,4.83,3823,2.87
10333486,0.4842,4.64,3849,4.51
10340598,0.4846,4.56,3850,3.06
10351951,0.4155,4.47,3668,6.45
10382952,0.5186,4.62,3937,5.18
10388259,0.382,4.12,3577,5.56
10388604,0.4383,4.57,3729,7.12
10395543,0.5221,4.49,3946,3.65
10396501,0.3679,4.15,3538,2.87
10404115,0.3751,4.17,3558,2.6
10404193,0.5138,4.56,3925,3.04
10404696,0.4901,4.67,3864,5.03
10411437,0.5284,4.69,3962,4.55
10426116,0.4308,4.5,3709,8.03
10427630,0.4916,4.62,3868,2.85
10448236,0.5119,4.67,3920,3.67
10453314,0.0,-inf,0,8.13
10468871,0.3948,4.41,3612,11.37
10469305,0.4963,4.52,3880,5.9
10470935,0.5084,4.55,3911,2.99
10471681,0.4395,4.46,3732,6.77
10483810,0.4677,4.61,3806,3.63
10485584,0.4543,4.5,3771,1.56
10485913,0.4881,4.47,3859,2.13
10490027,0.5135,4.56,3924,4.53
10532450,0.4734,4.7,3821,6.4
10535886,0.5335,4.54,3975,4.36
10536882,0.4746,4.5,3824,100.9
10549091,0.4963,4.62,3880,4.93
10553513,0.4092,4.4,3651,15.71
10586604,0.4738,4.54,3822,6.56
10591522,0.4754,4.65,3826,1.84
10598142,0.3565,4.03,3506,3.74
10600817,0.4831,4.52,3846,2.56
10664441,0.4158,4.51,3669,6.9
10665436,0.4788,4.55,3835,4.06
10676126,0.4723,4.42,3818,2.99
10713276,0.4731,4.64,3820,2.72
10717575,0.4994,4.47,3888,3.98
10718859,0.4399,4.47,3733,4.38
10728438,0.4316,4.5,3711,5.84
10749536,0.4796,4.47,3837,3.02
10753072,0.414,4.39,3664,9.35
10779603,0.4769,4.48,3830,4.24
10784067,0.4792,4.71,3836,3.2
10784717,0.5363,4.47,3982,2.98
10789884,0.4901,4.44,3864,3.68
10795891,0.411,4.36,3656,4.06
10796844,0.5111,4.45,3918,3.34
10816687,0.5304,4.62,3967,4.78
10847658,0.5248,4.38,3953,2.29
10849430,0.5371,4.4,3984,2.47
10850139,0.5048,4.42,3902,1.92
10862550,0.4125,4.61,3660,2.98
10866083,0.5315,4.5,3970,2.27
10880514,0.3795,4.2,3570,6.42
10905105,0.4199,4.22,3680,3.01
10907400,0.3568,4.07,3507,6.15
10907415,0.354,4.01,3499,10.11
10919711,0.5339,4.49,3976,2.44
10921076,0.3798,4.22,3571,3.23
10932417,0.3633,4.1,3525,2.33
10936170,0.5064,4.57,3906,3.79
10959566,0.4312,4.47,3710,2.08
10960422,0.5178,4.5,3935,4.02
10975568,0.487,4.79,3856,7.24
10977498,0.5166,4.55,3932,1.94
10992809,0.4047,4.25,3639,11.22
11013072,0.4158,4.57,3669,6.3
11015175,0.4267,4.35,3698,3.48
11017355,0.3856,4.2,3587,6.01
11033251,0.5048,4.57,3902,39.33
11067941,0.4346,4.47,3719,5.44
11069344,0.4304,4.29,3708,3.56
11070966,0.4084,4.65,3649,5.79
11075709,0.4226,4.32,3687,8.11
11075917,0.5033,4.54,3898,3.75
11081404,0.4184,4.81,3676,1.42
11122711,0.4781,4.61,3833,3.56
11124072,0.4742,4.52,3823,3.62
11124523,0.4436,4.54,3743,9.25
11127129,0.5119,4.47,3920,1.48
11129075,0.5017,4.49,3894,3.62
11152189,0.5095,4.47,3914,3.97
11181126,0.5107,4.47,3917,5.55
11188196,0.5284,4.56,3962,1.52
11193890,0.4877,4.72,3858,3.9
11198379,0.5146,4.56,3927,2.2
11240969,0.3966,4.5,3617,3.94
11242724,0.3824,4.67,3578,14.5
11245261,0.4539,4.66,3770,4.76
11246355,0.5315,4.49,3970,2.36
11288509,0.4312,4.49,3710,4.31
11288659,0.4391,4.46,3731,2.88
11297141,0.4199,4.31,3680,8.53
11298135,0.4293,4.36,3705,8.83
11298815,0.5182,4.55,3936,3.76
11299900,0.515,4.53,3928,4.28
11339795,0.3611,4.14,3519,3.7
11352541,0.5095,4.58,3914,5.33
11359630,0.5296,4.51,3965,7.52
11360739,0.4032,4.75,3635,5.34
11389341,0.4463,4.55,3750,2.64
11415793,0.5174,4.35,3934,6.87
11442458,0.3733,4.17,3553,4.47
11447025,0.5311,4.66,3969,7.07
11450068,0.5158,4.32,3930,4.22
11457546,0.4218,4.34,3685,5.15
11462594,0.3572,4.07,3508,4.75
11462900,0.3622,4.11,3522,15.02
11493497,0.4143,4.3,3665,6.04
11493667,0.5268,4.4,3958,10.6
11495591,0.4155,4.53,3668,5.84
11499548,0.444,4.61,3744,3.55
11514135,0.5359,4.49,3981,2.32
11514272,0.4823,4.39,3844,3.14
11515931,0.4939,4.84,3874,2.05
11517805,0.4448,4.53,3746,8.02
11519779,0.5268,4.56,3958,3.82
11546374,0.4387,4.49,3730,7.46
11550910,0.4858,4.59,3853,4.27
11551500,0.5084,4.57,3911,4.98
11558671,0.417,4.48,3672,4.87
11558721,0.3704,4.17,3545,6.77
11559839,0.4252,4.35,3694,2.96
11568545,0.528,4.61,3961,5.55
11600744,0.4331,4.57,3715,2.48
11602515,0.4121,4.31,3659,4.64
11602629,0.3973,4.33,3619,3.13
11617074,0.5217,4.69,3945,1.4
11623002,0.5193,4.4,3939,5.48
11651634,0.4066,4.51,3644,5.75
11652051,0.4661,4.35,3802,7.01
11655859,0.4924,4.39,3870,8.42
11657256,0.3704,4.13,3545,10.7
11669352,0.4677,4.55,3806,2.01
11700807,0.4218,4.44,3685,2.81
11701376,0.4184,4.28,3676,7.0
11701420,0.4448,4.5,3746,3.87
11708484,0.4121,4.56,3659,2.55
11713042,0.4715,4.57,3816,2.42
11713884,0.4839,4.57,3848,9.37
11717254,0.4399,4.38,3733,4.77
11751992,0.4173,4.57,3673,9.22
11752906,0.5241,4.57,3951,11.12
11755212,0.4444,4.63,3745,4.04
11768142,0.4406,4.51,3735,3.88
11775689,0.4452,4.68,3747,8.74
11810501,0.5307,4.47,3968,6.84
11820505,0.4353,4.53,3721,3.53
11853404,0.541,4.67,3994,3.71
11854219,0.4448,4.65,3746,5.08
11856056,0.5017,4.59,3894,5.13
11859659,0.5072,4.63,3908,3.01
11862267,0.4121,4.36,3659,4.69
11869690,0.4943,4.55,3875,1.39
11869791,0.5347,4.6,3978,2.45
11871698,0.4773,4.58,3831,8.36
11873696,0.4077,4.62,3647,1.96
11903656,0.4293,4.7,3705,5.58
11925804,0.0,-inf,0,7.02
11960971,0.4088,4.66,3650,5.04
12003895,0.3845,4.23,3584,4.48
12006463,0.365,4.11,3530,2.26
12007066,0.4196,4.49,3679,4.31
12011635,0.4777,4.5,3832,2.78
12012281,0.4301,4.44,3707,4.58
12013242,0.4173,4.6,3673,8.86
12013322,0.4846,4.65,3850,8.94
12018926,0.4448,4.63,3746,5.4
12055805,0.4391,4.59,3731,4.05
12062354,0.4893,4.7,3862,6.22
12104915,0.5331,4.59,3974,9.15
12110941,0.5201,4.7,3941,4.76
12111492,0.5205,4.71,3942,5.7
12116009,0.4854,4.59,3852,15.83
12120764,0.5154,4.8,3929,7.29
12121403,0.4854,4.54,3852,4.02
12154913,0.4092,4.57,3651,4.59
12157134,0.4103,4.52,3654,12.55
12204572,0.4842,4.58,3849,2.26
12204700,0.5201,4.54,3941,3.48
12204886,0.543,4.57,3999,3.5
12208128,0.5315,4.68,3970,3.86
12217622,0.4881,4.72,3859,4.05
12218211,0.5091,4.63,3913,5.11
12218539,0.5021,4.67,3895,2.17
12218994,0.4132,4.45,3662,3.68
12251446,0.4229,4.29,3688,1.98
12251483,0.4211,4.22,3683,4.39
12252040,0.4669,4.51,3804,3.21
12256580,0.4746,4.53,3824,5.8
12257167,0.4429,4.59,3741,3.04
12257256,0.4731,4.43,3820,4.4
12305237,0.3622,4.1,3522,6.57
12306384,0.4229,4.21,3688,8.45
12314163,0.4301,4.7,3707,5.9
12316768,0.4577,4.65,3780,4.16
12350962,0.4924,4.58,3870,4.63
12352520,0.5111,4.88,3918,5.21
12354053,0.4497,4.63,3759,7.46
12366450,0.3904,4.26,3600,4.86
12366989,0.4018,4.54,3631,8.1
12405321,0.4688,4.84,3809,7.06
12418737,0.4885,4.76,3860,4.05
12456136,0.4181,4.44,3675,3.07
12470376,0.4731,4.46,3820,5.08
12505250,0.4181,4.56,3675,6.2
12505793,0.4955,4.62,3878,10.28
12506640,0.3766,4.12,3562,5.15
12506985,0.4916,4.66,3868,5.93
12508767,0.3558,4.03,3504,8.28
12509131,0.5041,4.53,3900,4.9
12552699,0.4084,4.38,3649,7.23
12552869,0.4854,4.56,3852,5.0
12598901,0.4222,4.52,3686,3.91
12600640,0.5119,4.62,3920,2.82
12601861,0.5186,4.75,3937,5.59
12646508,0.4673,4.61,3805,6.2
12734617,0.5135,4.58,3924,4.75
